V 54
K 1
D 0 -1524000 4318000 0
Y 1
U 3937000 762000 254000 0 2 3 REFDES=J?
U 3937000 508000 254000 0 2 3 DEVICE=503398-1892
U 3937000 254000 254000 0 2 0 PKG_TYPE=5033981892
U 3937000 0 254000 0 2 0 Description=MicroSD SMT Push-Push 1.28mm height MicroSD SMT Push-Push 1.28mm height
U 3937000 -254000 254000 0 2 0 Datasheet Link=http://www.molex.com/webdocs/datasheets/pdf/en-us//5033981892_MEMORY_CARD_SOCKET.pdf
U 3937000 -508000 254000 0 2 0 Height=1.28
U 3937000 -762000 254000 0 2 0 Manufacturer_Name=Molex
U 3937000 -1016000 254000 0 2 0 Manufacturer_Part_Number=503398-1892
U 3937000 -1270000 254000 0 2 0 Mouser Part Number=538-503398-1892
U 3937000 -1524000 254000 0 2 0 Mouser Price/Stock=https://www.mouser.co.uk/ProductDetail/Molex/503398-1892?qs=b0v8CoHHvSMxV%252BW12iKaSg%3D%3D
U 3937000 -1778000 254000 0 2 0 Arrow Part Number=
U 3937000 -2032000 254000 0 2 0 Arrow Price/Stock=
U 0 0 254000 0 1 0 FORWARD_PCB=1
l 5 508000 254000 3810000 254000 3810000 -1778000 508000 -1778000 508000 254000
|GRPHSTL -1 -1 -1 1
P 1 0 0 508000 0 0 2 0
L 584200 0 228600 0 2 0 1 0 DAT2
A 355600 50800 203200 0 9 3 #=1
A 0 0 9 0 3 0 PINTYPE=BI
P 2 0 -254000 508000 -254000 0 2 0
L 584200 -254000 228600 0 2 0 1 0 CD/DAT3
A 355600 -203200 203200 0 9 3 #=2
A 0 0 9 0 3 0 PINTYPE=BI
P 3 0 -508000 508000 -508000 0 2 0
L 584200 -508000 228600 0 2 0 1 0 CMD
A 355600 -457200 203200 0 9 3 #=3
A 0 0 9 0 3 0 PINTYPE=BI
P 4 0 -762000 508000 -762000 0 2 0
L 584200 -762000 228600 0 2 0 1 0 VDD
A 355600 -711200 203200 0 9 3 #=4
A 0 0 9 0 3 0 PINTYPE=BI
P 5 0 -1016000 508000 -1016000 0 2 0
L 584200 -1016000 228600 0 2 0 1 0 CLK
A 355600 -965200 203200 0 9 3 #=5
A 0 0 9 0 3 0 PINTYPE=BI
P 6 0 -1270000 508000 -1270000 0 2 0
L 584200 -1270000 228600 0 2 0 1 0 VSS
A 355600 -1219200 203200 0 9 3 #=6
A 0 0 9 0 3 0 PINTYPE=BI
P 7 0 -1524000 508000 -1524000 0 2 0
L 584200 -1524000 228600 0 2 0 1 0 DAT0
A 355600 -1473200 203200 0 9 3 #=7
A 0 0 9 0 3 0 PINTYPE=BI
P 8 4318000 0 3810000 0 0 3 0
L 3733800 0 228600 0 8 0 1 0 DAT1
A 3962400 50800 203200 0 3 3 #=8
A 0 0 9 0 3 0 PINTYPE=BI
P 9 4318000 -254000 3810000 -254000 0 3 0
L 3733800 -254000 228600 0 8 0 1 0 DETECT_LEVER
A 3962400 -203200 203200 0 3 3 #=9
A 0 0 9 0 3 0 PINTYPE=BI
P 10 4318000 -508000 3810000 -508000 0 3 0
L 3733800 -508000 228600 0 8 0 1 0 DETECT_SWITCH
A 3962400 -457200 203200 0 3 3 #=10
A 0 0 9 0 3 0 PINTYPE=BI
P 11 4318000 -762000 3810000 -762000 0 3 0
L 3733800 -762000 228600 0 8 0 1 0 11
A 3962400 -711200 203200 0 3 3 #=11
A 0 0 9 0 3 0 PINTYPE=BI
P 12 4318000 -1016000 3810000 -1016000 0 3 0
L 3733800 -1016000 228600 0 8 0 1 0 12
A 3962400 -965200 203200 0 3 3 #=12
A 0 0 9 0 3 0 PINTYPE=BI
P 13 4318000 -1270000 3810000 -1270000 0 3 0
L 3733800 -1270000 228600 0 8 0 1 0 13
A 3962400 -1219200 203200 0 3 3 #=13
A 0 0 9 0 3 0 PINTYPE=BI
P 14 4318000 -1524000 3810000 -1524000 0 3 0
L 3733800 -1524000 228600 0 8 0 1 0 14
A 3962400 -1473200 203200 0 3 3 #=14
A 0 0 9 0 3 0 PINTYPE=BI
E
