V 54
K 1
D 0 0 1778000 0
Y 1
U 1397000 635000 254000 0 2 3 REFDES=F?
U 1397000 381000 254000 0 2 3 DEVICE=MF-MSMF200-2
U 1397000 127000 254000 0 2 0 PKG_TYPE=FUSC4632X85N
U 1397000 -127000 254000 0 2 0 Description=Fuse, PTC, Resettable, SMD, 1812, 2.0A Bourns 2A Surface Mount Resettable Fuse, 8 V
U 1397000 -381000 254000 0 2 0 Datasheet Link=
U 1397000 -635000 254000 0 2 0 Height=0.85
U 1397000 -889000 254000 0 2 0 element14 Part Number=
U 1397000 -1143000 254000 0 2 0 element14 Price/Stock=
U 1397000 -1397000 254000 0 2 0 Manufacturer_Name=Bourns
U 1397000 -1651000 254000 0 2 0 Manufacturer_Part_Number=MF-MSMF200-2
U 0 0 254000 0 1 0 FORWARD_PCB=1
l 5 508000 127000 1270000 127000 1270000 -127000 508000 -127000 508000 127000
|GRPHSTL -1 -1 -1 1
l 2 508000 0 1270000 0
|GRPHSTL -1 -1 -1 1
P 1 0 0 508000 0 0 2 0
L 0 -25400 228600 0 1 0 3 0 1
A 0 25400 203200 0 3 3 #=1
A 0 0 9 0 3 0 PINTYPE=BI
P 2 1778000 0 1270000 0 0 3 0
L 1778000 -25400 228600 0 7 0 3 0 2
A 1778000 25400 203200 0 9 3 #=2
A 0 0 9 0 3 0 PINTYPE=BI
E
